2018
1, 1, 1, 1	 P = 1
1, 1, 1, 1	 P = 1
2, 2, 2, 2	 P = 4
2, 2, 2, 2	 P = 4
4, 4, 4, 4	 P = 16
7, 7, 7, 7	 P = 49
11, 11, 11, 11	 P = 121
11, 11, 11, 11	 P = 121
11, 11, 11, 11	 P = 121
12, 12, 12, 12	 P = 144
14, 14, 14, 14	 P = 196
17, 17, 17, 17	 P = 289
20, 20, 20, 20	 P = 400
21, 21, 21, 21	 P = 441
22, 22, 22, 22	 P = 484
23, 23, 23, 23	 P = 529
29, 29, 29, 29	 P = 841
30, 30, 30, 30	 P = 900
36, 36, 36, 36	 P = 1296
38, 38, 38, 38	 P = 1444
42, 42, 42, 42	 P = 1764
43, 43, 43, 43	 P = 1849
43, 43, 43, 43	 P = 1849
44, 44, 44, 44	 P = 1936
50, 50, 50, 50	 P = 2500
51, 51, 51, 51	 P = 2601
53, 53, 53, 53	 P = 2809
57, 57, 57, 57	 P = 3249
57, 57, 57, 57	 P = 3249
59, 59, 59, 59	 P = 3481
64, 64, 64, 64	 P = 4096
67, 67, 67, 67	 P = 4489
69, 69, 69, 69	 P = 4761
69, 69, 69, 69	 P = 4761
71, 71, 71, 71	 P = 5041
71, 71, 71, 71	 P = 5041
72, 72, 72, 72	 P = 5184
74, 74, 74, 74	 P = 5476
75, 75, 75, 75	 P = 5625
79, 79, 79, 79	 P = 6241
82, 82, 82, 82	 P = 6724
82, 82, 82, 82	 P = 6724
82, 82, 82, 82	 P = 6724
84, 84, 84, 84	 P = 7056
85, 85, 85, 85	 P = 7225
89, 89, 89, 89	 P = 7921
92, 92, 92, 92	 P = 8464
93, 93, 93, 93	 P = 8649
93, 93, 93, 93	 P = 8649
94, 94, 94, 94	 P = 8836
95, 95, 95, 95	 P = 9025
96, 96, 96, 96	 P = 9216
99, 99, 99, 99	 P = 9801
99, 99, 99, 99	 P = 9801
100, 100, 100, 100	 P = 10000
106, 106, 106, 106	 P = 11236
106, 106, 106, 106	 P = 11236
106, 106, 106, 106	 P = 11236
108, 108, 108, 108	 P = 11664
110, 110, 110, 110	 P = 12100
113, 113, 113, 113	 P = 12769
113, 113, 113, 113	 P = 12769
116, 116, 116, 116	 P = 13456
119, 119, 119, 119	 P = 14161
122, 122, 122, 122	 P = 14884
131, 131, 131, 131	 P = 17161
137, 137, 137, 137	 P = 18769
137, 137, 137, 137	 P = 18769
138, 138, 138, 138	 P = 19044
139, 139, 139, 139	 P = 19321
141, 141, 141, 141	 P = 19881
142, 142, 142, 142	 P = 20164
147, 147, 147, 147	 P = 21609
150, 150, 150, 150	 P = 22500
151, 151, 151, 151	 P = 22801
156, 156, 156, 156	 P = 24336
157, 157, 157, 157	 P = 24649
160, 160, 160, 160	 P = 25600
166, 166, 166, 166	 P = 27556
167, 167, 167, 167	 P = 27889
170, 170, 170, 170	 P = 28900
171, 171, 171, 171	 P = 29241
174, 174, 174, 174	 P = 30276
175, 175, 175, 175	 P = 30625
176, 176, 176, 176	 P = 30976
176, 176, 176, 176	 P = 30976
177, 177, 177, 177	 P = 31329
178, 178, 178, 178	 P = 31684
178, 178, 178, 178	 P = 31684
179, 179, 179, 179	 P = 32041
180, 180, 180, 180	 P = 32400
183, 183, 183, 183	 P = 33489
189, 189, 189, 189	 P = 35721
190, 190, 190, 190	 P = 36100
190, 190, 190, 190	 P = 36100
191, 191, 191, 191	 P = 36481
191, 191, 191, 191	 P = 36481
193, 193, 193, 193	 P = 37249
194, 194, 194, 194	 P = 37636
194, 194, 194, 194	 P = 37636
201, 201, 201, 201	 P = 40401
204, 204, 204, 204	 P = 41616
209, 209, 209, 209	 P = 43681
210, 210, 210, 210	 P = 44100
210, 210, 210, 210	 P = 44100
212, 212, 212, 212	 P = 44944
212, 212, 212, 212	 P = 44944
212, 212, 212, 212	 P = 44944
214, 214, 214, 214	 P = 45796
216, 216, 216, 216	 P = 46656
217, 217, 217, 217	 P = 47089
217, 217, 217, 217	 P = 47089
218, 218, 218, 218	 P = 47524
219, 219, 219, 219	 P = 47961
221, 221, 221, 221	 P = 48841
223, 223, 223, 223	 P = 49729
227, 227, 227, 227	 P = 51529
231, 231, 231, 231	 P = 53361
233, 233, 233, 233	 P = 54289
234, 234, 234, 234	 P = 54756
236, 236, 236, 236	 P = 55696
236, 236, 236, 236	 P = 55696
237, 237, 237, 237	 P = 56169
238, 238, 238, 238	 P = 56644
239, 239, 239, 239	 P = 57121
239, 239, 239, 239	 P = 57121
240, 240, 240, 240	 P = 57600
240, 240, 240, 240	 P = 57600
242, 242, 242, 242	 P = 58564
245, 245, 245, 245	 P = 60025
247, 247, 247, 247	 P = 61009
247, 247, 247, 247	 P = 61009
249, 249, 249, 249	 P = 62001
249, 249, 249, 249	 P = 62001
252, 252, 252, 252	 P = 63504
252, 252, 252, 252	 P = 63504
253, 253, 253, 253	 P = 64009
254, 254, 254, 254	 P = 64516
259, 259, 259, 259	 P = 67081
259, 259, 259, 259	 P = 67081
259, 259, 259, 259	 P = 67081
262, 262, 262, 262	 P = 68644
267, 267, 267, 267	 P = 71289
269, 269, 269, 269	 P = 72361
271, 271, 271, 271	 P = 73441
271, 271, 271, 271	 P = 73441
273, 273, 273, 273	 P = 74529
273, 273, 273, 273	 P = 74529
275, 275, 275, 275	 P = 75625
278, 278, 278, 278	 P = 77284
280, 280, 280, 280	 P = 78400
282, 282, 282, 282	 P = 79524
287, 287, 287, 287	 P = 82369
291, 291, 291, 291	 P = 84681
293, 293, 293, 293	 P = 85849
294, 294, 294, 294	 P = 86436
296, 296, 296, 296	 P = 87616
298, 298, 298, 298	 P = 88804
300, 300, 300, 300	 P = 90000
300, 300, 300, 300	 P = 90000
300, 300, 300, 300	 P = 90000
301, 301, 301, 301	 P = 90601
303, 303, 303, 303	 P = 91809
304, 304, 304, 304	 P = 92416
304, 304, 304, 304	 P = 92416
305, 305, 305, 305	 P = 93025
310, 310, 310, 310	 P = 96100
312, 312, 312, 312	 P = 97344
313, 313, 313, 313	 P = 97969
316, 316, 316, 316	 P = 99856
316, 316, 316, 316	 P = 99856
322, 322, 322, 322	 P = 103684
323, 323, 323, 323	 P = 104329
323, 323, 323, 323	 P = 104329
324, 324, 324, 324	 P = 104976
326, 326, 326, 326	 P = 106276
328, 328, 328, 328	 P = 107584
329, 329, 329, 329	 P = 108241
329, 329, 329, 329	 P = 108241
334, 334, 334, 334	 P = 111556
335, 335, 335, 335	 P = 112225
335, 335, 335, 335	 P = 112225
335, 335, 335, 335	 P = 112225
336, 336, 336, 336	 P = 112896
342, 342, 342, 342	 P = 116964
345, 345, 345, 345	 P = 119025
345, 345, 345, 345	 P = 119025
348, 348, 348, 348	 P = 121104
351, 351, 351, 351	 P = 123201
352, 352, 352, 352	 P = 123904
357, 357, 357, 357	 P = 127449
361, 361, 361, 361	 P = 130321
363, 363, 363, 363	 P = 131769
364, 364, 364, 364	 P = 132496
368, 368, 368, 368	 P = 135424
369, 369, 369, 369	 P = 136161
377, 377, 377, 377	 P = 142129
377, 377, 377, 377	 P = 142129
378, 378, 378, 378	 P = 142884
379, 379, 379, 379	 P = 143641
379, 379, 379, 379	 P = 143641
379, 379, 379, 379	 P = 143641
381, 381, 381, 381	 P = 145161
381, 381, 381, 381	 P = 145161
382, 382, 382, 382	 P = 145924
382, 382, 382, 382	 P = 145924
385, 385, 385, 385	 P = 148225
386, 386, 386, 386	 P = 148996
389, 389, 389, 389	 P = 151321
396, 396, 396, 396	 P = 156816
396, 396, 396, 396	 P = 156816
397, 397, 397, 397	 P = 157609
397, 397, 397, 397	 P = 157609
398, 398, 398, 398	 P = 158404
400, 400, 400, 400	 P = 160000
401, 401, 401, 401	 P = 160801
401, 401, 401, 401	 P = 160801
401, 401, 401, 401	 P = 160801
401, 401, 401, 401	 P = 160801
401, 401, 401, 401	 P = 160801
404, 404, 404, 404	 P = 163216
411, 411, 411, 411	 P = 168921
414, 414, 414, 414	 P = 171396
415, 415, 415, 415	 P = 172225
416, 416, 416, 416	 P = 173056
419, 419, 419, 419	 P = 175561
420, 420, 420, 420	 P = 176400
421, 421, 421, 421	 P = 177241
421, 421, 421, 421	 P = 177241
422, 422, 422, 422	 P = 178084
424, 424, 424, 424	 P = 179776
426, 426, 426, 426	 P = 181476
427, 427, 427, 427	 P = 182329
429, 429, 429, 429	 P = 184041
430, 430, 430, 430	 P = 184900
433, 433, 433, 433	 P = 187489
433, 433, 433, 433	 P = 187489
436, 436, 436, 436	 P = 190096
437, 437, 437, 437	 P = 190969
438, 438, 438, 438	 P = 191844
440, 440, 440, 440	 P = 193600
441, 441, 441, 441	 P = 194481
446, 446, 446, 446	 P = 198916
447, 447, 447, 447	 P = 199809
449, 449, 449, 449	 P = 201601
451, 451, 451, 451	 P = 203401
453, 453, 453, 453	 P = 205209
453, 453, 453, 453	 P = 205209
455, 455, 455, 455	 P = 207025
458, 458, 458, 458	 P = 209764
461, 461, 461, 461	 P = 212521
466, 466, 466, 466	 P = 217156
467, 467, 467, 467	 P = 218089
468, 468, 468, 468	 P = 219024
469, 469, 469, 469	 P = 219961
471, 471, 471, 471	 P = 221841
472, 472, 472, 472	 P = 222784
472, 472, 472, 472	 P = 222784
475, 475, 475, 475	 P = 225625
475, 475, 475, 475	 P = 225625
476, 476, 476, 476	 P = 226576
478, 478, 478, 478	 P = 228484
479, 479, 479, 479	 P = 229441
480, 480, 480, 480	 P = 230400
482, 482, 482, 482	 P = 232324
482, 482, 482, 482	 P = 232324
485, 485, 485, 485	 P = 235225
485, 485, 485, 485	 P = 235225
488, 488, 488, 488	 P = 238144
490, 490, 490, 490	 P = 240100
490, 490, 490, 490	 P = 240100
490, 490, 490, 490	 P = 240100
490, 490, 490, 490	 P = 240100
492, 492, 492, 492	 P = 242064
494, 494, 494, 494	 P = 244036
496, 496, 496, 496	 P = 246016
496, 496, 496, 496	 P = 246016
502, 502, 502, 502	 P = 252004
504, 504, 504, 504	 P = 254016
504, 504, 504, 504	 P = 254016
504, 504, 504, 504	 P = 254016
506, 506, 506, 506	 P = 256036
507, 507, 507, 507	 P = 257049
507, 507, 507, 507	 P = 257049
510, 510, 510, 510	 P = 260100
512, 512, 512, 512	 P = 262144
516, 516, 516, 516	 P = 266256
523, 523, 523, 523	 P = 273529
529, 529, 529, 529	 P = 279841
531, 531, 531, 531	 P = 281961
533, 533, 533, 533	 P = 284089
537, 537, 537, 537	 P = 288369
538, 538, 538, 538	 P = 289444
539, 539, 539, 539	 P = 290521
540, 540, 540, 540	 P = 291600
540, 540, 540, 540	 P = 291600
542, 542, 542, 542	 P = 293764
543, 543, 543, 543	 P = 294849
544, 544, 544, 544	 P = 295936
545, 545, 545, 545	 P = 297025
545, 545, 545, 545	 P = 297025
546, 546, 546, 546	 P = 298116
547, 547, 547, 547	 P = 299209
551, 551, 551, 551	 P = 303601
551, 551, 551, 551	 P = 303601
554, 554, 554, 554	 P = 306916
555, 555, 555, 555	 P = 308025
555, 555, 555, 555	 P = 308025
556, 556, 556, 556	 P = 309136
557, 557, 557, 557	 P = 310249
557, 557, 557, 557	 P = 310249
557, 557, 557, 557	 P = 310249
558, 558, 558, 558	 P = 311364
558, 558, 558, 558	 P = 311364
559, 559, 559, 559	 P = 312481
560, 560, 560, 560	 P = 313600
561, 561, 561, 561	 P = 314721
561, 561, 561, 561	 P = 314721
563, 563, 563, 563	 P = 316969
565, 565, 565, 565	 P = 319225
567, 567, 567, 567	 P = 321489
572, 572, 572, 572	 P = 327184
575, 575, 575, 575	 P = 330625
576, 576, 576, 576	 P = 331776
576, 576, 576, 576	 P = 331776
579, 579, 579, 579	 P = 335241
581, 581, 581, 581	 P = 337561
581, 581, 581, 581	 P = 337561
583, 583, 583, 583	 P = 339889
583, 583, 583, 583	 P = 339889
583, 583, 583, 583	 P = 339889
587, 587, 587, 587	 P = 344569
593, 593, 593, 593	 P = 351649
593, 593, 593, 593	 P = 351649
595, 595, 595, 595	 P = 354025
598, 598, 598, 598	 P = 357604
599, 599, 599, 599	 P = 358801
602, 602, 602, 602	 P = 362404
604, 604, 604, 604	 P = 364816
604, 604, 604, 604	 P = 364816
608, 608, 608, 608	 P = 369664
608, 608, 608, 608	 P = 369664
609, 609, 609, 609	 P = 370881
611, 611, 611, 611	 P = 373321
611, 611, 611, 611	 P = 373321
611, 611, 611, 611	 P = 373321
612, 612, 612, 612	 P = 374544
613, 613, 613, 613	 P = 375769
615, 615, 615, 615	 P = 378225
616, 616, 616, 616	 P = 379456
617, 617, 617, 617	 P = 380689
620, 620, 620, 620	 P = 384400
621, 621, 621, 621	 P = 385641
625, 625, 625, 625	 P = 390625
629, 629, 629, 629	 P = 395641
636, 636, 636, 636	 P = 404496
643, 643, 643, 643	 P = 413449
646, 646, 646, 646	 P = 417316
648, 648, 648, 648	 P = 419904
650, 650, 650, 650	 P = 422500
650, 650, 650, 650	 P = 422500
651, 651, 651, 651	 P = 423801
651, 651, 651, 651	 P = 423801
652, 652, 652, 652	 P = 425104
652, 652, 652, 652	 P = 425104
653, 653, 653, 653	 P = 426409
655, 655, 655, 655	 P = 429025
657, 657, 657, 657	 P = 431649
661, 661, 661, 661	 P = 436921
662, 662, 662, 662	 P = 438244
663, 663, 663, 663	 P = 439569
664, 664, 664, 664	 P = 440896
667, 667, 667, 667	 P = 444889
670, 670, 670, 670	 P = 448900
672, 672, 672, 672	 P = 451584
676, 676, 676, 676	 P = 456976
676, 676, 676, 676	 P = 456976
677, 677, 677, 677	 P = 458329
678, 678, 678, 678	 P = 459684
680, 680, 680, 680	 P = 462400
682, 682, 682, 682	 P = 465124
684, 684, 684, 684	 P = 467856
685, 685, 685, 685	 P = 469225
686, 686, 686, 686	 P = 470596
688, 688, 688, 688	 P = 473344
688, 688, 688, 688	 P = 473344
697, 697, 697, 697	 P = 485809
702, 702, 702, 702	 P = 492804
703, 703, 703, 703	 P = 494209
705, 705, 705, 705	 P = 497025
705, 705, 705, 705	 P = 497025
708, 708, 708, 708	 P = 501264
708, 708, 708, 708	 P = 501264
710, 710, 710, 710	 P = 504100
710, 710, 710, 710	 P = 504100
713, 713, 713, 713	 P = 508369
714, 714, 714, 714	 P = 509796
715, 715, 715, 715	 P = 511225
719, 719, 719, 719	 P = 516961
720, 720, 720, 720	 P = 518400
720, 720, 720, 720	 P = 518400
722, 722, 722, 722	 P = 521284
722, 722, 722, 722	 P = 521284
722, 722, 722, 722	 P = 521284
724, 724, 724, 724	 P = 524176
725, 725, 725, 725	 P = 525625
727, 727, 727, 727	 P = 528529
730, 730, 730, 730	 P = 532900
730, 730, 730, 730	 P = 532900
734, 734, 734, 734	 P = 538756
734, 734, 734, 734	 P = 538756
735, 735, 735, 735	 P = 540225
736, 736, 736, 736	 P = 541696
736, 736, 736, 736	 P = 541696
749, 749, 749, 749	 P = 561001
752, 752, 752, 752	 P = 565504
752, 752, 752, 752	 P = 565504
753, 753, 753, 753	 P = 567009
755, 755, 755, 755	 P = 570025
756, 756, 756, 756	 P = 571536
762, 762, 762, 762	 P = 580644
772, 772, 772, 772	 P = 595984
777, 777, 777, 777	 P = 603729
777, 777, 777, 777	 P = 603729
782, 782, 782, 782	 P = 611524
783, 783, 783, 783	 P = 613089
789, 789, 789, 789	 P = 622521
791, 791, 791, 791	 P = 625681
792, 792, 792, 792	 P = 627264
794, 794, 794, 794	 P = 630436
794, 794, 794, 794	 P = 630436
796, 796, 796, 796	 P = 633616
797, 797, 797, 797	 P = 635209
797, 797, 797, 797	 P = 635209
798, 798, 798, 798	 P = 636804
799, 799, 799, 799	 P = 638401
799, 799, 799, 799	 P = 638401
801, 801, 801, 801	 P = 641601
804, 804, 804, 804	 P = 646416
808, 808, 808, 808	 P = 652864
819, 819, 819, 819	 P = 670761
820, 820, 820, 820	 P = 672400
820, 820, 820, 820	 P = 672400
821, 821, 821, 821	 P = 674041
822, 822, 822, 822	 P = 675684
826, 826, 826, 826	 P = 682276
828, 828, 828, 828	 P = 685584
828, 828, 828, 828	 P = 685584
829, 829, 829, 829	 P = 687241
831, 831, 831, 831	 P = 690561
831, 831, 831, 831	 P = 690561
832, 832, 832, 832	 P = 692224
833, 833, 833, 833	 P = 693889
834, 834, 834, 834	 P = 695556
836, 836, 836, 836	 P = 698896
837, 837, 837, 837	 P = 700569
839, 839, 839, 839	 P = 703921
842, 842, 842, 842	 P = 708964
842, 842, 842, 842	 P = 708964
845, 845, 845, 845	 P = 714025
846, 846, 846, 846	 P = 715716
846, 846, 846, 846	 P = 715716
847, 847, 847, 847	 P = 717409
847, 847, 847, 847	 P = 717409
848, 848, 848, 848	 P = 719104
848, 848, 848, 848	 P = 719104
849, 849, 849, 849	 P = 720801
857, 857, 857, 857	 P = 734449
858, 858, 858, 858	 P = 736164
859, 859, 859, 859	 P = 737881
861, 861, 861, 861	 P = 741321
866, 866, 866, 866	 P = 749956
874, 874, 874, 874	 P = 763876
875, 875, 875, 875	 P = 765625
880, 880, 880, 880	 P = 774400
880, 880, 880, 880	 P = 774400
886, 886, 886, 886	 P = 784996
891, 891, 891, 891	 P = 793881
897, 897, 897, 897	 P = 804609
900, 900, 900, 900	 P = 810000
901, 901, 901, 901	 P = 811801
901, 901, 901, 901	 P = 811801
903, 903, 903, 903	 P = 815409
905, 905, 905, 905	 P = 819025
907, 907, 907, 907	 P = 822649
908, 908, 908, 908	 P = 824464
909, 909, 909, 909	 P = 826281
913, 913, 913, 913	 P = 833569
916, 916, 916, 916	 P = 839056
919, 919, 919, 919	 P = 844561
919, 919, 919, 919	 P = 844561
920, 920, 920, 920	 P = 846400
921, 921, 921, 921	 P = 848241
921, 921, 921, 921	 P = 848241
923, 923, 923, 923	 P = 851929
923, 923, 923, 923	 P = 851929
927, 927, 927, 927	 P = 859329
929, 929, 929, 929	 P = 863041
938, 938, 938, 938	 P = 879844
938, 938, 938, 938	 P = 879844
946, 946, 946, 946	 P = 894916
950, 950, 950, 950	 P = 902500
952, 952, 952, 952	 P = 906304
954, 954, 954, 954	 P = 910116
955, 955, 955, 955	 P = 912025
955, 955, 955, 955	 P = 912025
956, 956, 956, 956	 P = 913936
957, 957, 957, 957	 P = 915849
959, 959, 959, 959	 P = 919681
959, 959, 959, 959	 P = 919681
962, 962, 962, 962	 P = 925444
965, 965, 965, 965	 P = 931225
967, 967, 967, 967	 P = 935089
969, 969, 969, 969	 P = 938961
971, 971, 971, 971	 P = 942841
971, 971, 971, 971	 P = 942841
974, 974, 974, 974	 P = 948676
975, 975, 975, 975	 P = 950625
976, 976, 976, 976	 P = 952576
983, 983, 983, 983	 P = 966289
985, 985, 985, 985	 P = 970225
986, 986, 986, 986	 P = 972196
986, 986, 986, 986	 P = 972196
986, 986, 986, 986	 P = 972196
990, 990, 990, 990	 P = 980100
990, 990, 990, 990	 P = 980100
991, 991, 991, 991	 P = 982081
992, 992, 992, 992	 P = 984064
995, 995, 995, 995	 P = 990025
999, 999, 999, 999	 P = 998001
1000, 1000, 1000, 1000	 P = 1e+06
1002, 1002, 1002, 1002	 P = 1.004e+06
1002, 1002, 1002, 1002	 P = 1.004e+06
1003, 1003, 1003, 1003	 P = 1.00601e+06
1005, 1005, 1005, 1005	 P = 1.01002e+06
1012, 1012, 1012, 1012	 P = 1.02414e+06
1013, 1013, 1013, 1013	 P = 1.02617e+06
1017, 1017, 1017, 1017	 P = 1.03429e+06
1017, 1017, 1017, 1017	 P = 1.03429e+06
1018, 1018, 1018, 1018	 P = 1.03632e+06
1018, 1018, 1018, 1018	 P = 1.03632e+06
1019, 1019, 1019, 1019	 P = 1.03836e+06
1019, 1019, 1019, 1019	 P = 1.03836e+06
1020, 1020, 1020, 1020	 P = 1.0404e+06
1021, 1021, 1021, 1021	 P = 1.04244e+06
1022, 1022, 1022, 1022	 P = 1.04448e+06
1025, 1025, 1025, 1025	 P = 1.05062e+06
1026, 1026, 1026, 1026	 P = 1.05268e+06
1027, 1027, 1027, 1027	 P = 1.05473e+06
1031, 1031, 1031, 1031	 P = 1.06296e+06
1034, 1034, 1034, 1034	 P = 1.06916e+06
1040, 1040, 1040, 1040	 P = 1.0816e+06
1041, 1041, 1041, 1041	 P = 1.08368e+06
1041, 1041, 1041, 1041	 P = 1.08368e+06
1042, 1042, 1042, 1042	 P = 1.08576e+06
1047, 1047, 1047, 1047	 P = 1.09621e+06
1048, 1048, 1048, 1048	 P = 1.0983e+06
1048, 1048, 1048, 1048	 P = 1.0983e+06
1049, 1049, 1049, 1049	 P = 1.1004e+06
1049, 1049, 1049, 1049	 P = 1.1004e+06
1050, 1050, 1050, 1050	 P = 1.1025e+06
1053, 1053, 1053, 1053	 P = 1.10881e+06
1054, 1054, 1054, 1054	 P = 1.11092e+06
1056, 1056, 1056, 1056	 P = 1.11514e+06
1058, 1058, 1058, 1058	 P = 1.11936e+06
1060, 1060, 1060, 1060	 P = 1.1236e+06
1063, 1063, 1063, 1063	 P = 1.12997e+06
1066, 1066, 1066, 1066	 P = 1.13636e+06
1074, 1074, 1074, 1074	 P = 1.15348e+06
1075, 1075, 1075, 1075	 P = 1.15562e+06
1076, 1076, 1076, 1076	 P = 1.15778e+06
1080, 1080, 1080, 1080	 P = 1.1664e+06
1080, 1080, 1080, 1080	 P = 1.1664e+06
1082, 1082, 1082, 1082	 P = 1.17072e+06
1083, 1083, 1083, 1083	 P = 1.17289e+06
1084, 1084, 1084, 1084	 P = 1.17506e+06
1087, 1087, 1087, 1087	 P = 1.18157e+06
1090, 1090, 1090, 1090	 P = 1.1881e+06
1095, 1095, 1095, 1095	 P = 1.19902e+06
1098, 1098, 1098, 1098	 P = 1.2056e+06
1099, 1099, 1099, 1099	 P = 1.2078e+06
1103, 1103, 1103, 1103	 P = 1.21661e+06
1105, 1105, 1105, 1105	 P = 1.22102e+06
1105, 1105, 1105, 1105	 P = 1.22102e+06
1117, 1117, 1117, 1117	 P = 1.24769e+06
1119, 1119, 1119, 1119	 P = 1.25216e+06
1120, 1120, 1120, 1120	 P = 1.2544e+06
1121, 1121, 1121, 1121	 P = 1.25664e+06
1127, 1127, 1127, 1127	 P = 1.27013e+06
1132, 1132, 1132, 1132	 P = 1.28142e+06
1137, 1137, 1137, 1137	 P = 1.29277e+06
1137, 1137, 1137, 1137	 P = 1.29277e+06
1138, 1138, 1138, 1138	 P = 1.29504e+06
1139, 1139, 1139, 1139	 P = 1.29732e+06
1144, 1144, 1144, 1144	 P = 1.30874e+06
1149, 1149, 1149, 1149	 P = 1.3202e+06
1151, 1151, 1151, 1151	 P = 1.3248e+06
1152, 1152, 1152, 1152	 P = 1.3271e+06
1153, 1153, 1153, 1153	 P = 1.32941e+06
1153, 1153, 1153, 1153	 P = 1.32941e+06
1154, 1154, 1154, 1154	 P = 1.33172e+06
1154, 1154, 1154, 1154	 P = 1.33172e+06
1156, 1156, 1156, 1156	 P = 1.33634e+06
1157, 1157, 1157, 1157	 P = 1.33865e+06
1158, 1158, 1158, 1158	 P = 1.34096e+06
1169, 1169, 1169, 1169	 P = 1.36656e+06
1171, 1171, 1171, 1171	 P = 1.37124e+06
1178, 1178, 1178, 1178	 P = 1.38768e+06
1178, 1178, 1178, 1178	 P = 1.38768e+06
1182, 1182, 1182, 1182	 P = 1.39712e+06
1182, 1182, 1182, 1182	 P = 1.39712e+06
1184, 1184, 1184, 1184	 P = 1.40186e+06
1186, 1186, 1186, 1186	 P = 1.4066e+06
1187, 1187, 1187, 1187	 P = 1.40897e+06
1190, 1190, 1190, 1190	 P = 1.4161e+06
1193, 1193, 1193, 1193	 P = 1.42325e+06
1195, 1195, 1195, 1195	 P = 1.42802e+06
1199, 1199, 1199, 1199	 P = 1.4376e+06
1204, 1204, 1204, 1204	 P = 1.44962e+06
1208, 1208, 1208, 1208	 P = 1.45926e+06
1209, 1209, 1209, 1209	 P = 1.46168e+06
1213, 1213, 1213, 1213	 P = 1.47137e+06
1217, 1217, 1217, 1217	 P = 1.48109e+06
1222, 1222, 1222, 1222	 P = 1.49328e+06
1223, 1223, 1223, 1223	 P = 1.49573e+06
1225, 1225, 1225, 1225	 P = 1.50062e+06
1228, 1228, 1228, 1228	 P = 1.50798e+06
1230, 1230, 1230, 1230	 P = 1.5129e+06
1232, 1232, 1232, 1232	 P = 1.51782e+06
1234, 1234, 1234, 1234	 P = 1.52276e+06
1234, 1234, 1234, 1234	 P = 1.52276e+06
1237, 1237, 1237, 1237	 P = 1.53017e+06
1239, 1239, 1239, 1239	 P = 1.53512e+06
1241, 1241, 1241, 1241	 P = 1.54008e+06
1243, 1243, 1243, 1243	 P = 1.54505e+06
1244, 1244, 1244, 1244	 P = 1.54754e+06
1245, 1245, 1245, 1245	 P = 1.55002e+06
1245, 1245, 1245, 1245	 P = 1.55002e+06
1247, 1247, 1247, 1247	 P = 1.55501e+06
1247, 1247, 1247, 1247	 P = 1.55501e+06
1249, 1249, 1249, 1249	 P = 1.56e+06
1254, 1254, 1254, 1254	 P = 1.57252e+06
1257, 1257, 1257, 1257	 P = 1.58005e+06
1264, 1264, 1264, 1264	 P = 1.5977e+06
1270, 1270, 1270, 1270	 P = 1.6129e+06
1278, 1278, 1278, 1278	 P = 1.63328e+06
1280, 1280, 1280, 1280	 P = 1.6384e+06
1287, 1287, 1287, 1287	 P = 1.65637e+06
1287, 1287, 1287, 1287	 P = 1.65637e+06
1289, 1289, 1289, 1289	 P = 1.66152e+06
1290, 1290, 1290, 1290	 P = 1.6641e+06
1293, 1293, 1293, 1293	 P = 1.67185e+06
1293, 1293, 1293, 1293	 P = 1.67185e+06
1294, 1294, 1294, 1294	 P = 1.67444e+06
1294, 1294, 1294, 1294	 P = 1.67444e+06
1296, 1296, 1296, 1296	 P = 1.67962e+06
1298, 1298, 1298, 1298	 P = 1.6848e+06
1300, 1300, 1300, 1300	 P = 1.69e+06
1304, 1304, 1304, 1304	 P = 1.70042e+06
1305, 1305, 1305, 1305	 P = 1.70302e+06
1308, 1308, 1308, 1308	 P = 1.71086e+06
1308, 1308, 1308, 1308	 P = 1.71086e+06
1310, 1310, 1310, 1310	 P = 1.7161e+06
1311, 1311, 1311, 1311	 P = 1.71872e+06
1314, 1314, 1314, 1314	 P = 1.7266e+06
1318, 1318, 1318, 1318	 P = 1.73712e+06
1318, 1318, 1318, 1318	 P = 1.73712e+06
1319, 1319, 1319, 1319	 P = 1.73976e+06
1322, 1322, 1322, 1322	 P = 1.74768e+06
1323, 1323, 1323, 1323	 P = 1.75033e+06
1323, 1323, 1323, 1323	 P = 1.75033e+06
1326, 1326, 1326, 1326	 P = 1.75828e+06
1326, 1326, 1326, 1326	 P = 1.75828e+06
1329, 1329, 1329, 1329	 P = 1.76624e+06
1334, 1334, 1334, 1334	 P = 1.77956e+06
1335, 1335, 1335, 1335	 P = 1.78222e+06
1341, 1341, 1341, 1341	 P = 1.79828e+06
1344, 1344, 1344, 1344	 P = 1.80634e+06
1345, 1345, 1345, 1345	 P = 1.80902e+06
1356, 1356, 1356, 1356	 P = 1.83874e+06
1358, 1358, 1358, 1358	 P = 1.84416e+06
1360, 1360, 1360, 1360	 P = 1.8496e+06
1361, 1361, 1361, 1361	 P = 1.85232e+06
1367, 1367, 1367, 1367	 P = 1.86869e+06
1369, 1369, 1369, 1369	 P = 1.87416e+06
1371, 1371, 1371, 1371	 P = 1.87964e+06
1373, 1373, 1373, 1373	 P = 1.88513e+06
1376, 1376, 1376, 1376	 P = 1.89338e+06
1383, 1383, 1383, 1383	 P = 1.91269e+06
1387, 1387, 1387, 1387	 P = 1.92377e+06
1389, 1389, 1389, 1389	 P = 1.92932e+06
1391, 1391, 1391, 1391	 P = 1.93488e+06
1391, 1391, 1391, 1391	 P = 1.93488e+06
1392, 1392, 1392, 1392	 P = 1.93766e+06
1393, 1393, 1393, 1393	 P = 1.94045e+06
1397, 1397, 1397, 1397	 P = 1.95161e+06
1397, 1397, 1397, 1397	 P = 1.95161e+06
1402, 1402, 1402, 1402	 P = 1.9656e+06
1403, 1403, 1403, 1403	 P = 1.96841e+06
1404, 1404, 1404, 1404	 P = 1.97122e+06
1404, 1404, 1404, 1404	 P = 1.97122e+06
1406, 1406, 1406, 1406	 P = 1.97684e+06
1406, 1406, 1406, 1406	 P = 1.97684e+06
1406, 1406, 1406, 1406	 P = 1.97684e+06
1408, 1408, 1408, 1408	 P = 1.98246e+06
1411, 1411, 1411, 1411	 P = 1.99092e+06
1412, 1412, 1412, 1412	 P = 1.99374e+06
1413, 1413, 1413, 1413	 P = 1.99657e+06
1414, 1414, 1414, 1414	 P = 1.9994e+06
1416, 1416, 1416, 1416	 P = 2.00506e+06
1416, 1416, 1416, 1416	 P = 2.00506e+06
1417, 1417, 1417, 1417	 P = 2.00789e+06
1418, 1418, 1418, 1418	 P = 2.01072e+06
1418, 1418, 1418, 1418	 P = 2.01072e+06
1421, 1421, 1421, 1421	 P = 2.01924e+06
1422, 1422, 1422, 1422	 P = 2.02208e+06
1425, 1425, 1425, 1425	 P = 2.03062e+06
1425, 1425, 1425, 1425	 P = 2.03062e+06
1425, 1425, 1425, 1425	 P = 2.03062e+06
1430, 1430, 1430, 1430	 P = 2.0449e+06
1432, 1432, 1432, 1432	 P = 2.05062e+06
1433, 1433, 1433, 1433	 P = 2.05349e+06
1434, 1434, 1434, 1434	 P = 2.05636e+06
1434, 1434, 1434, 1434	 P = 2.05636e+06
1436, 1436, 1436, 1436	 P = 2.0621e+06
1437, 1437, 1437, 1437	 P = 2.06497e+06
1438, 1438, 1438, 1438	 P = 2.06784e+06
1438, 1438, 1438, 1438	 P = 2.06784e+06
1439, 1439, 1439, 1439	 P = 2.07072e+06
1441, 1441, 1441, 1441	 P = 2.07648e+06
1441, 1441, 1441, 1441	 P = 2.07648e+06
1442, 1442, 1442, 1442	 P = 2.07936e+06
1442, 1442, 1442, 1442	 P = 2.07936e+06
1442, 1442, 1442, 1442	 P = 2.07936e+06
1444, 1444, 1444, 1444	 P = 2.08514e+06
1448, 1448, 1448, 1448	 P = 2.0967e+06
1448, 1448, 1448, 1448	 P = 2.0967e+06
1449, 1449, 1449, 1449	 P = 2.0996e+06
1450, 1450, 1450, 1450	 P = 2.1025e+06
1452, 1452, 1452, 1452	 P = 2.1083e+06
1453, 1453, 1453, 1453	 P = 2.11121e+06
1455, 1455, 1455, 1455	 P = 2.11702e+06
1458, 1458, 1458, 1458	 P = 2.12576e+06
1461, 1461, 1461, 1461	 P = 2.13452e+06
1462, 1462, 1462, 1462	 P = 2.13744e+06
1463, 1463, 1463, 1463	 P = 2.14037e+06
1470, 1470, 1470, 1470	 P = 2.1609e+06
1480, 1480, 1480, 1480	 P = 2.1904e+06
1482, 1482, 1482, 1482	 P = 2.19632e+06
1485, 1485, 1485, 1485	 P = 2.20522e+06
1490, 1490, 1490, 1490	 P = 2.2201e+06
1493, 1493, 1493, 1493	 P = 2.22905e+06
1495, 1495, 1495, 1495	 P = 2.23502e+06
1496, 1496, 1496, 1496	 P = 2.23802e+06
1498, 1498, 1498, 1498	 P = 2.244e+06
1500, 1500, 1500, 1500	 P = 2.25e+06
1502, 1502, 1502, 1502	 P = 2.256e+06
1502, 1502, 1502, 1502	 P = 2.256e+06
1505, 1505, 1505, 1505	 P = 2.26502e+06
1505, 1505, 1505, 1505	 P = 2.26502e+06
1507, 1507, 1507, 1507	 P = 2.27105e+06
1510, 1510, 1510, 1510	 P = 2.2801e+06
1512, 1512, 1512, 1512	 P = 2.28614e+06
1515, 1515, 1515, 1515	 P = 2.29522e+06
1516, 1516, 1516, 1516	 P = 2.29826e+06
1519, 1519, 1519, 1519	 P = 2.30736e+06
1519, 1519, 1519, 1519	 P = 2.30736e+06
1524, 1524, 1524, 1524	 P = 2.32258e+06
1525, 1525, 1525, 1525	 P = 2.32562e+06
1527, 1527, 1527, 1527	 P = 2.33173e+06
1529, 1529, 1529, 1529	 P = 2.33784e+06
1532, 1532, 1532, 1532	 P = 2.34702e+06
1532, 1532, 1532, 1532	 P = 2.34702e+06
1539, 1539, 1539, 1539	 P = 2.36852e+06
1540, 1540, 1540, 1540	 P = 2.3716e+06
1540, 1540, 1540, 1540	 P = 2.3716e+06
1543, 1543, 1543, 1543	 P = 2.38085e+06
1544, 1544, 1544, 1544	 P = 2.38394e+06
1544, 1544, 1544, 1544	 P = 2.38394e+06
1545, 1545, 1545, 1545	 P = 2.38702e+06
1546, 1546, 1546, 1546	 P = 2.39012e+06
1549, 1549, 1549, 1549	 P = 2.3994e+06
1549, 1549, 1549, 1549	 P = 2.3994e+06
1551, 1551, 1551, 1551	 P = 2.4056e+06
1554, 1554, 1554, 1554	 P = 2.41492e+06
1557, 1557, 1557, 1557	 P = 2.42425e+06
1558, 1558, 1558, 1558	 P = 2.42736e+06
1563, 1563, 1563, 1563	 P = 2.44297e+06
1563, 1563, 1563, 1563	 P = 2.44297e+06
1564, 1564, 1564, 1564	 P = 2.4461e+06
1565, 1565, 1565, 1565	 P = 2.44922e+06
1567, 1567, 1567, 1567	 P = 2.45549e+06
1567, 1567, 1567, 1567	 P = 2.45549e+06
1568, 1568, 1568, 1568	 P = 2.45862e+06
1570, 1570, 1570, 1570	 P = 2.4649e+06
1573, 1573, 1573, 1573	 P = 2.47433e+06
1578, 1578, 1578, 1578	 P = 2.49008e+06
1582, 1582, 1582, 1582	 P = 2.50272e+06
1583, 1583, 1583, 1583	 P = 2.50589e+06
1583, 1583, 1583, 1583	 P = 2.50589e+06
1585, 1585, 1585, 1585	 P = 2.51222e+06
1587, 1587, 1587, 1587	 P = 2.51857e+06
1587, 1587, 1587, 1587	 P = 2.51857e+06
1593, 1593, 1593, 1593	 P = 2.53765e+06
1598, 1598, 1598, 1598	 P = 2.5536e+06
1604, 1604, 1604, 1604	 P = 2.57282e+06
1605, 1605, 1605, 1605	 P = 2.57602e+06
1605, 1605, 1605, 1605	 P = 2.57602e+06
1606, 1606, 1606, 1606	 P = 2.57924e+06
1606, 1606, 1606, 1606	 P = 2.57924e+06
1609, 1609, 1609, 1609	 P = 2.58888e+06
1609, 1609, 1609, 1609	 P = 2.58888e+06
1610, 1610, 1610, 1610	 P = 2.5921e+06
1616, 1616, 1616, 1616	 P = 2.61146e+06
1616, 1616, 1616, 1616	 P = 2.61146e+06
1616, 1616, 1616, 1616	 P = 2.61146e+06
1617, 1617, 1617, 1617	 P = 2.61469e+06
1622, 1622, 1622, 1622	 P = 2.63088e+06
1625, 1625, 1625, 1625	 P = 2.64062e+06
1634, 1634, 1634, 1634	 P = 2.66996e+06
1635, 1635, 1635, 1635	 P = 2.67322e+06
1638, 1638, 1638, 1638	 P = 2.68304e+06
1643, 1643, 1643, 1643	 P = 2.69945e+06
1653, 1653, 1653, 1653	 P = 2.73241e+06
1654, 1654, 1654, 1654	 P = 2.73572e+06
1656, 1656, 1656, 1656	 P = 2.74234e+06
1659, 1659, 1659, 1659	 P = 2.75228e+06
1659, 1659, 1659, 1659	 P = 2.75228e+06
1665, 1665, 1665, 1665	 P = 2.77222e+06
1666, 1666, 1666, 1666	 P = 2.77556e+06
1666, 1666, 1666, 1666	 P = 2.77556e+06
1667, 1667, 1667, 1667	 P = 2.77889e+06
1670, 1670, 1670, 1670	 P = 2.7889e+06
1670, 1670, 1670, 1670	 P = 2.7889e+06
1671, 1671, 1671, 1671	 P = 2.79224e+06
1673, 1673, 1673, 1673	 P = 2.79893e+06
1674, 1674, 1674, 1674	 P = 2.80228e+06
1677, 1677, 1677, 1677	 P = 2.81233e+06
1678, 1678, 1678, 1678	 P = 2.81568e+06
1678, 1678, 1678, 1678	 P = 2.81568e+06
1681, 1681, 1681, 1681	 P = 2.82576e+06
1683, 1683, 1683, 1683	 P = 2.83249e+06
1687, 1687, 1687, 1687	 P = 2.84597e+06
1687, 1687, 1687, 1687	 P = 2.84597e+06
1689, 1689, 1689, 1689	 P = 2.85272e+06
1694, 1694, 1694, 1694	 P = 2.86964e+06
1696, 1696, 1696, 1696	 P = 2.87642e+06
1696, 1696, 1696, 1696	 P = 2.87642e+06
1700, 1700, 1700, 1700	 P = 2.89e+06
1701, 1701, 1701, 1701	 P = 2.8934e+06
1702, 1702, 1702, 1702	 P = 2.8968e+06
1703, 1703, 1703, 1703	 P = 2.90021e+06
1709, 1709, 1709, 1709	 P = 2.92068e+06
1711, 1711, 1711, 1711	 P = 2.92752e+06
1713, 1713, 1713, 1713	 P = 2.93437e+06
1713, 1713, 1713, 1713	 P = 2.93437e+06
1715, 1715, 1715, 1715	 P = 2.94122e+06
1716, 1716, 1716, 1716	 P = 2.94466e+06
1718, 1718, 1718, 1718	 P = 2.95152e+06
1718, 1718, 1718, 1718	 P = 2.95152e+06
1719, 1719, 1719, 1719	 P = 2.95496e+06
1721, 1721, 1721, 1721	 P = 2.96184e+06
1722, 1722, 1722, 1722	 P = 2.96528e+06
1724, 1724, 1724, 1724	 P = 2.97218e+06
1724, 1724, 1724, 1724	 P = 2.97218e+06
1729, 1729, 1729, 1729	 P = 2.98944e+06
1730, 1730, 1730, 1730	 P = 2.9929e+06
1732, 1732, 1732, 1732	 P = 2.99982e+06
1732, 1732, 1732, 1732	 P = 2.99982e+06
1735, 1735, 1735, 1735	 P = 3.01022e+06
1736, 1736, 1736, 1736	 P = 3.0137e+06
1739, 1739, 1739, 1739	 P = 3.02412e+06
1740, 1740, 1740, 1740	 P = 3.0276e+06
1744, 1744, 1744, 1744	 P = 3.04154e+06
1749, 1749, 1749, 1749	 P = 3.059e+06
1752, 1752, 1752, 1752	 P = 3.0695e+06
1758, 1758, 1758, 1758	 P = 3.09056e+06
1758, 1758, 1758, 1758	 P = 3.09056e+06
1759, 1759, 1759, 1759	 P = 3.09408e+06
1760, 1760, 1760, 1760	 P = 3.0976e+06
1761, 1761, 1761, 1761	 P = 3.10112e+06
1762, 1762, 1762, 1762	 P = 3.10464e+06
1762, 1762, 1762, 1762	 P = 3.10464e+06
1763, 1763, 1763, 1763	 P = 3.10817e+06
1764, 1764, 1764, 1764	 P = 3.1117e+06
1765, 1765, 1765, 1765	 P = 3.11522e+06
1766, 1766, 1766, 1766	 P = 3.11876e+06
1770, 1770, 1770, 1770	 P = 3.1329e+06
1772, 1772, 1772, 1772	 P = 3.13998e+06
1775, 1775, 1775, 1775	 P = 3.15062e+06
1775, 1775, 1775, 1775	 P = 3.15062e+06
1775, 1775, 1775, 1775	 P = 3.15062e+06
1776, 1776, 1776, 1776	 P = 3.15418e+06
1779, 1779, 1779, 1779	 P = 3.16484e+06
1779, 1779, 1779, 1779	 P = 3.16484e+06
1780, 1780, 1780, 1780	 P = 3.1684e+06
1786, 1786, 1786, 1786	 P = 3.1898e+06
1786, 1786, 1786, 1786	 P = 3.1898e+06
1787, 1787, 1787, 1787	 P = 3.19337e+06
1787, 1787, 1787, 1787	 P = 3.19337e+06
1789, 1789, 1789, 1789	 P = 3.20052e+06
1789, 1789, 1789, 1789	 P = 3.20052e+06
1791, 1791, 1791, 1791	 P = 3.20768e+06
1793, 1793, 1793, 1793	 P = 3.21485e+06
1794, 1794, 1794, 1794	 P = 3.21844e+06
1797, 1797, 1797, 1797	 P = 3.22921e+06
1800, 1800, 1800, 1800	 P = 3.24e+06
1803, 1803, 1803, 1803	 P = 3.25081e+06
1805, 1805, 1805, 1805	 P = 3.25802e+06
1805, 1805, 1805, 1805	 P = 3.25802e+06
1811, 1811, 1811, 1811	 P = 3.27972e+06
1812, 1812, 1812, 1812	 P = 3.28334e+06
1814, 1814, 1814, 1814	 P = 3.2906e+06
1815, 1815, 1815, 1815	 P = 3.29422e+06
1815, 1815, 1815, 1815	 P = 3.29422e+06
1816, 1816, 1816, 1816	 P = 3.29786e+06
1820, 1820, 1820, 1820	 P = 3.3124e+06
1823, 1823, 1823, 1823	 P = 3.32333e+06
1826, 1826, 1826, 1826	 P = 3.33428e+06
1829, 1829, 1829, 1829	 P = 3.34524e+06
1831, 1831, 1831, 1831	 P = 3.35256e+06
1834, 1834, 1834, 1834	 P = 3.36356e+06
1834, 1834, 1834, 1834	 P = 3.36356e+06
1834, 1834, 1834, 1834	 P = 3.36356e+06
1837, 1837, 1837, 1837	 P = 3.37457e+06
1839, 1839, 1839, 1839	 P = 3.38192e+06
1841, 1841, 1841, 1841	 P = 3.38928e+06
1841, 1841, 1841, 1841	 P = 3.38928e+06
1841, 1841, 1841, 1841	 P = 3.38928e+06
1841, 1841, 1841, 1841	 P = 3.38928e+06
1842, 1842, 1842, 1842	 P = 3.39296e+06
1843, 1843, 1843, 1843	 P = 3.39665e+06
1843, 1843, 1843, 1843	 P = 3.39665e+06
1848, 1848, 1848, 1848	 P = 3.4151e+06
1848, 1848, 1848, 1848	 P = 3.4151e+06
1859, 1859, 1859, 1859	 P = 3.45588e+06
1863, 1863, 1863, 1863	 P = 3.47077e+06
1864, 1864, 1864, 1864	 P = 3.4745e+06
1865, 1865, 1865, 1865	 P = 3.47822e+06
1866, 1866, 1866, 1866	 P = 3.48196e+06
1868, 1868, 1868, 1868	 P = 3.48942e+06
1876, 1876, 1876, 1876	 P = 3.51938e+06
1877, 1877, 1877, 1877	 P = 3.52313e+06
1878, 1878, 1878, 1878	 P = 3.52688e+06
1879, 1879, 1879, 1879	 P = 3.53064e+06
1885, 1885, 1885, 1885	 P = 3.55322e+06
1886, 1886, 1886, 1886	 P = 3.557e+06
1890, 1890, 1890, 1890	 P = 3.5721e+06
1891, 1891, 1891, 1891	 P = 3.57588e+06
1892, 1892, 1892, 1892	 P = 3.57966e+06
1895, 1895, 1895, 1895	 P = 3.59102e+06
1899, 1899, 1899, 1899	 P = 3.6062e+06
1907, 1907, 1907, 1907	 P = 3.63665e+06
1909, 1909, 1909, 1909	 P = 3.64428e+06
1910, 1910, 1910, 1910	 P = 3.6481e+06
1910, 1910, 1910, 1910	 P = 3.6481e+06
1911, 1911, 1911, 1911	 P = 3.65192e+06
1912, 1912, 1912, 1912	 P = 3.65574e+06
1917, 1917, 1917, 1917	 P = 3.67489e+06
1918, 1918, 1918, 1918	 P = 3.67872e+06
1927, 1927, 1927, 1927	 P = 3.71333e+06
1927, 1927, 1927, 1927	 P = 3.71333e+06
1928, 1928, 1928, 1928	 P = 3.71718e+06
1929, 1929, 1929, 1929	 P = 3.72104e+06
1931, 1931, 1931, 1931	 P = 3.72876e+06
1932, 1932, 1932, 1932	 P = 3.73262e+06
1938, 1938, 1938, 1938	 P = 3.75584e+06
1942, 1942, 1942, 1942	 P = 3.77136e+06
1945, 1945, 1945, 1945	 P = 3.78302e+06
1949, 1949, 1949, 1949	 P = 3.7986e+06
1955, 1955, 1955, 1955	 P = 3.82202e+06
1955, 1955, 1955, 1955	 P = 3.82202e+06
1956, 1956, 1956, 1956	 P = 3.82594e+06
1958, 1958, 1958, 1958	 P = 3.83376e+06
1959, 1959, 1959, 1959	 P = 3.83768e+06
1961, 1961, 1961, 1961	 P = 3.84552e+06
1962, 1962, 1962, 1962	 P = 3.84944e+06
1963, 1963, 1963, 1963	 P = 3.85337e+06
1969, 1969, 1969, 1969	 P = 3.87696e+06
1970, 1970, 1970, 1970	 P = 3.8809e+06
1972, 1972, 1972, 1972	 P = 3.88878e+06
1973, 1973, 1973, 1973	 P = 3.89273e+06
1975, 1975, 1975, 1975	 P = 3.90062e+06
1977, 1977, 1977, 1977	 P = 3.90853e+06
1981, 1981, 1981, 1981	 P = 3.92436e+06
1982, 1982, 1982, 1982	 P = 3.92832e+06
1983, 1983, 1983, 1983	 P = 3.93229e+06
1985, 1985, 1985, 1985	 P = 3.94022e+06
1985, 1985, 1985, 1985	 P = 3.94022e+06
1985, 1985, 1985, 1985	 P = 3.94022e+06
1987, 1987, 1987, 1987	 P = 3.94817e+06
1991, 1991, 1991, 1991	 P = 3.96408e+06
1992, 1992, 1992, 1992	 P = 3.96806e+06
1992, 1992, 1992, 1992	 P = 3.96806e+06
1993, 1993, 1993, 1993	 P = 3.97205e+06
1993, 1993, 1993, 1993	 P = 3.97205e+06
1994, 1994, 1994, 1994	 P = 3.97604e+06
1996, 1996, 1996, 1996	 P = 3.98402e+06
1998, 1998, 1998, 1998	 P = 3.992e+06
2000, 2000, 2000, 2000	 P = 4e+06
2002, 2002, 2002, 2002	 P = 4.008e+06
2003, 2003, 2003, 2003	 P = 4.01201e+06
2011, 2011, 2011, 2011	 P = 4.04412e+06
2011, 2011, 2011, 2011	 P = 4.04412e+06
2011, 2011, 2011, 2011	 P = 4.04412e+06
2012, 2012, 2012, 2012	 P = 4.04814e+06
2012, 2012, 2012, 2012	 P = 4.04814e+06
2014, 2014, 2014, 2014	 P = 4.0562e+06
2016, 2016, 2016, 2016	 P = 4.06426e+06
